ETF精选2精简


159338
513050
932000
515210
512200
159805
515250
159786
562950
516970
512070
159796
560700
516010
159928
516320
159876
515170
159601
517180
512580
515080
159930
516860
513090
513180
513330
513120
512050
588000
513060
159792
512880
159740
512690
512000
588200
513980
159915
512170
159949
512010
588080
512710
159870
512480
159363
159851
588790
562500
513750
159780
159819
515790
510300
512800
159755
512660
510050
159801
513380
159995
159992
588760
515880
588060
159967
515980
159732
159852
159941
513160
159766
159783
159509
510210
159506
512100
512670
515070
159883
515220
516780
513360
563300
510500
159840
513970
512890
515050
512400
588750
159869
562800
588190
588930
159615
159227
512930
518880
159399
159825
159206
510880
512680
159611
515030
516510
588780
159998
561980
159583
513660
159790
159993
159612
515000
159980
159218
159559
513520
510180

123

ETF精选2精简


159338:600519,300750,601318,600036,601166,600900,00033,601899,002594,300059,
513050:
159907:600728,300168,300303,601311,603766,600864,002011,600273,002063,601678
515210:600019,600010,000932,002318,600126,000708,600282,002075,000709,000778
512200:600048,000002,001979,600515,600895,600208,601155,002244,600383,600325
159805:002027,002517,002195,002558,300251,300418,002555,002131,300058,300002
515250:002475,601689,603501,002230,002456,688521,600745,688213,002920,600741
159786:002475,000725,603501,000100,002241,002384,300433,600703,002456,688521
562950:002475,688981,000725,688256,603501,688008,601138,603986,002241,300014
516970:601668,601390,601669,601186,601800,601868,601117,600039,601618,603979
512070:601318,300059,600030,601211,601601,601688,601628,600999,600958,000776
159796:300274,300750,002050,300014,002074,002340,300207,300450,002709,002850
560700:601919,601088,600028,600019,600036,000830,601857,600782,601598,600941
516010:002517,002558,300251,002555,300002,002624,300315,603444,002174,600633
159928:600887,000858,600519,002714,300498,600809,000568,604599,603288,002311
516320:300750,300124,600031,300274,601012,600406,601766,000338,600150,600760
159876:601899,600111,603993,600547,601600,603799,600489,600988,002460,000807
515170:300750,300124,002594,000625,002050,300014,603799,002460,002074,002466
159601:300750,601899,600519,002594,600036,600900,688041,600276,601138,600309
517180:601857,600028,601668,600941,601390,600938,601186,601728,601088
512580:300750,600900,300274,601012,601985,600905,600089,300014,600438,600886
515080:601919,000937,002048,601998,601838,600398,601166,601006,600919,601328
159930:601088,601857,600028,601225,600938,600188,002353,601898,000983,000723
516860:300059,300033,600570,300339,300803,000997,002065,300468,300085,300773
513090:
513180:
513330:
513120:
512050:600519,300750,601318,600036,601166,600900,000333,601899,002594,300059
588000:688981,688041,688256,688012,688008,688111,688271,688036,688521,689009
513060:
159792:
512880:300059,600030,601211,601688,600999,600958,000776,000166,601377,601995
159740:
512690:600519,000858,600809,000568,002304,603369,600600,000596,000729,002568
512000:300059,600030,601211,601688,600999,600958,000776,000166,601377,601995
588200:688981,688041,688256,688008,688012,688521,688126,688608,688213,688120
513980:
159915:300750,300059,300124,300308,300760,300502,300274,300498,300476,300014
512170:600036,601166,601398,601328,601288,600919,600000,600016,000001,601229
159949:300750,300059,300124,300308,300760,300502,300274,300476,300014,300033
512010:600276,603259,300760,688271,600436,300015,000538,002422,002252,000963
588080:688981,688041,688256,688008,688012,688111,688271,688036,689009,688521
512710:600760,002179,600893,000768,600372,002465,600879,302132,688122,600862
159870:600309,000792,600160,600989,000408,600426,600346,002648,600096,002601
512480:688981,002371,688041,688256,603501,688008,603986,688012,600584,002049
159363:300308,300502,300394,301236,300442,300458,300474,300454,300223,300017
159851:300059,300033,600570,300339,300803,000997,300468,002065,300773,300085
588790:688256,688008,688111,688521,688169,688608,688099,688385,688568,688208
562500:300124,002230,688169,002236,688777,002472,300024,002008,002031,002136
513750:
159780:300750,688981,300760,688041,300308,300502,688256,300124,300274,688008
159819:300308,300502,688256,002230,603501,603019,002415,688008,688111,000977
515790:300274,601012,000100,600089,600438,002129,601877,688223,002459,605117
510300:600519,300750,601318,600036,601166,600900,000333,601899,002594,300059
512800:600036,601166,601398,601328,601288,600919,600000,600016,000001,601229
159755:300750,002594,300014,002050,603799,002460,002074,002340,300450,300207
512660:600150,600760,002625,601989,600893,002179,000768,600372,000066,002465
510050:600519,601318,600036,601166,600900,601899,600030,601398,600276,601211
159801:688981,688041,688256,002371,603501,688008,688012,603986,600584,002049
513380:
159995:688981,688041,688256,002371,603501,688008,688012,603986,600584,002049,
159992:
588760:
515880:
588060:
159967:
515980:
159732:
159852:
159941:
513160:
159766:
159783:
159509:
510210:
159506:
512100:
512670:
515070:
159883:
515220:
516780:
513360:
563300:
510500:
159840:
513970:
512890:
515050:
512400:
588750:
159869:
562800:
588190:
588930:
159615:
159227:
512930:
518880:
159399:
159825:
159206:
510880:
512680:
159611:
515030:
516510:
588780:
159998:
561980:
159583:
513660:
159790:
159993:
159612:
515000:
159980:
159218:
159559:
513520:
510180:

123










